_C_b1247909_0 8c 0 78 0 0 6f6e6521 0 61642044 0 65205265 0 46696c 
_C_53c9af39_0 8c 0 130 0 0 21212120 0 61727420 0 6e205374 0 6174696f 0 696d756c 0 2e2e2053 0 626c652e 0 64697361 0 73657420 0 5265 
_C_a5c777da_0 8c 0 38 0 0 2025780a 0 25783a 
_C_ed980e7f_0 8c 0 8 0 0 72 
_C_ed40aa28_0 8c 0 38 0 0 2025780a 0 25782c 
_C_852390a3_0 8c 0 b0 0 0 61727421 0 65207374 0 71756575 0 7420656e 0 71756573 0 5265 
_C_1e033f05_0 8c 0 70 0 0 2e646174 0 696e7374 0 7075745f 0 696e 
_C_98d1798b_0 84 0 4 0 0 0 
_C_69676ab3_0 8c 0 50 0 0 65736574 0 72652072 0 436f 
_C_96f8ebd1_0 8c 0 c0 0 0 4e554c4c 0 77617320 0 746f7220 0 73726970 0 5f646563 0 66696c65 
_C_1fdca360_0 84 0 8 0 0 0 
_C_15bb55ae_0 84 0 8 0 0 1 
_C_cec385b0_0 8c 0 a0 0 0 656e6421 0 65756520 0 656e7175 0 65737420 0 52657175 
_C_f2f8e03d_0 84 0 1f 0 0 0 
_C_351a8780_0 94 0 20 0 0 0 
_C_3f7d714e_0 94 0 20 0 0 1 
